7e+09 5.39207e-18 5.39207e-18 5.95224e-18 5.95224e-18 5.39224e-18 5.39224e-18 3.91461e-18 3.91461e-18
7.46667e+09 7.75151e-18 7.75151e-18 9.00619e-18 9.00619e-18 7.75176e-18 7.75176e-18 5.75422e-18 5.75422e-18
7.93333e+09 1.31473e-17 1.31473e-17 1.58417e-17 1.58417e-17 1.31477e-17 1.31477e-17 9.78812e-18 9.78812e-18
8.4e+09 1.78374e-17 1.78374e-17 2.03875e-17 2.03875e-17 1.7838e-17 1.7838e-17 1.22722e-17 1.22722e-17
8.86667e+09 2.63449e-17 2.63449e-17 3.20462e-17 3.20462e-17 2.63457e-17 2.63457e-17 1.86133e-17 1.86133e-17
9.33333e+09 3.77375e-17 3.77375e-17 4.48529e-17 4.48529e-17 3.77387e-17 3.77387e-17 2.52351e-17 2.52351e-17
9.8e+09 4.37422e-17 4.37422e-17 5.33031e-17 5.33031e-17 4.37436e-17 4.37436e-17 2.92002e-17 2.92002e-17
1.02667e+10 5.88033e-17 5.88033e-17 7.25695e-17 7.25695e-17 5.88052e-17 5.88052e-17 3.82858e-17 3.82858e-17
1.07333e+10 8.51947e-17 8.51947e-17 1.00437e-16 1.00437e-16 8.51974e-17 8.51974e-17 5.11232e-17 5.11232e-17
1.12e+10 9.62889e-17 9.62889e-17 1.21383e-16 1.21383e-16 9.6292e-17 9.6292e-17 5.99312e-17 5.99312e-17
1.16667e+10 1.05147e-16 1.05147e-16 1.3022e-16 1.3022e-16 1.0515e-16 1.0515e-16 6.25503e-17 6.25503e-17
1.21333e+10 1.2897e-16 1.2897e-16 1.50976e-16 1.50976e-16 1.28974e-16 1.28974e-16 7.01537e-17 7.01537e-17
1.26e+10 1.66084e-16 1.66084e-16 2.03751e-16 2.03751e-16 1.66089e-16 1.66089e-16 9.04681e-17 9.04681e-17
1.30667e+10 2.08635e-16 2.08635e-16 2.61645e-16 2.61645e-16 2.08642e-16 2.08642e-16 1.11447e-16 1.11447e-16
1.35333e+10 2.41352e-16 2.41352e-16 2.92636e-16 2.92636e-16 2.4136e-16 2.4136e-16 1.20895e-16 1.20895e-16
1.4e+10 2.57488e-16 2.57488e-16 3.02041e-16 3.02041e-16 2.57496e-16 2.57496e-16 1.21666e-16 1.21666e-16
1.44667e+10 2.64764e-16 2.64764e-16 3.11906e-16 3.11906e-16 2.64772e-16 2.64772e-16 1.22128e-16 1.22128e-16
1.49333e+10 2.78166e-16 2.78166e-16 3.38186e-16 3.38186e-16 2.78175e-16 2.78175e-16 1.27716e-16 1.27716e-16
1.54e+10 3.12847e-16 3.12847e-16 3.88321e-16 3.88321e-16 3.12857e-16 3.12857e-16 1.40281e-16 1.40281e-16
1.58667e+10 3.74351e-16 3.74351e-16 4.60577e-16 4.60577e-16 3.74363e-16 3.74363e-16 1.58459e-16 1.58459e-16
1.63333e+10 4.53199e-16 4.53199e-16 5.44795e-16 5.44795e-16 4.53214e-16 4.53214e-16 1.78639e-16 1.78639e-16
1.68e+10 5.30962e-16 5.30962e-16 6.27495e-16 6.27495e-16 5.30979e-16 5.30979e-16 1.96834e-16 1.96834e-16
1.72667e+10 5.9143e-16 5.9143e-16 6.96746e-16 6.96746e-16 5.91449e-16 5.91449e-16 2.09995e-16 2.09995e-16
1.77333e+10 6.27631e-16 6.27631e-16 7.45333e-16 7.45333e-16 6.27652e-16 6.27652e-16 2.16654e-16 2.16654e-16
1.82e+10 6.42337e-16 6.42337e-16 7.72936e-16 7.72936e-16 6.42358e-16 6.42358e-16 2.17256e-16 2.17256e-16
1.86667e+10 6.44461e-16 6.44461e-16 7.85715e-16 7.85715e-16 6.44483e-16 6.44483e-16 2.13799e-16 2.13799e-16
1.91333e+10 6.44345e-16 6.44345e-16 7.92768e-16 7.92768e-16 6.44367e-16 6.44367e-16 2.08749e-16 2.08749e-16
1.96e+10 6.50117e-16 6.50117e-16 8.02196e-16 8.02196e-16 6.50139e-16 6.50139e-16 2.04024e-16 2.04024e-16
2.00667e+10 6.6618e-16 6.6618e-16 8.19496e-16 8.19496e-16 6.66203e-16 6.66203e-16 2.00675e-16 2.00675e-16
2.05333e+10 6.9358e-16 6.9358e-16 8.48097e-16 8.48097e-16 6.93604e-16 6.93604e-16 1.99119e-16 1.99119e-16
2.1e+10 7.31271e-16 7.31271e-16 8.90235e-16 8.90235e-16 7.31296e-16 7.31296e-16 1.99428e-16 1.99428e-16
2.14667e+10 7.77368e-16 7.77368e-16 9.47061e-16 9.47061e-16 7.77394e-16 7.77394e-16 2.0144e-16 2.0144e-16
2.19333e+10 8.29957e-16 8.29957e-16 1.01823e-15 1.01823e-15 8.29985e-16 8.29985e-16 2.04756e-16 2.04756e-16
2.24e+10 8.87407e-16 8.87407e-16 1.10171e-15 1.10171e-15 8.87436e-16 8.87436e-16 2.08788e-16 2.08788e-16
2.28667e+10 9.48365e-16 9.48365e-16 1.19408e-15 1.19408e-15 9.48397e-16 9.48397e-16 2.12865e-16 2.12865e-16
2.33333e+10 1.01161e-15 1.01161e-15 1.29123e-15 1.29123e-15 1.01165e-15 1.01165e-15 2.16369e-16 2.16369e-16
2.38e+10 1.07592e-15 1.07592e-15 1.38911e-15 1.38911e-15 1.07596e-15 1.07596e-15 2.18829e-16 2.18829e-16
2.42667e+10 1.13998e-15 1.13998e-15 1.48417e-15 1.48417e-15 1.14002e-15 1.14002e-15 2.1996e-16 2.1996e-16
2.47333e+10 1.20242e-15 1.20242e-15 1.57362e-15 1.57362e-15 1.20246e-15 1.20246e-15 2.1965e-16 2.1965e-16
2.52e+10 1.2619e-15 1.2619e-15 1.65548e-15 1.65548e-15 1.26195e-15 1.26195e-15 2.17927e-16 2.17927e-16
2.56667e+10 1.31724e-15 1.31724e-15 1.72854e-15 1.72854e-15 1.31728e-15 1.31728e-15 2.14922e-16 2.14922e-16
2.61333e+10 1.36746e-15 1.36746e-15 1.79221e-15 1.79221e-15 1.36751e-15 1.36751e-15 2.10827e-16 2.10827e-16
2.66e+10 1.41194e-15 1.41194e-15 1.84647e-15 1.84647e-15 1.41199e-15 1.41199e-15 2.05866e-16 2.05866e-16
2.70667e+10 1.45036e-15 1.45036e-15 1.89174e-15 1.89174e-15 1.45041e-15 1.45041e-15 2.00272e-16 2.00272e-16
2.75333e+10 1.48274e-15 1.48274e-15 1.92875e-15 1.92875e-15 1.48279e-15 1.48279e-15 1.94267e-16 1.94267e-16
2.8e+10 1.50932e-15 1.50932e-15 1.95845e-15 1.95845e-15 1.50937e-15 1.50937e-15 1.88052e-16 1.88052e-16
2.84667e+10 1.53059e-15 1.53059e-15 1.98187e-15 1.98187e-15 1.53064e-15 1.53064e-15 1.81797e-16 1.81797e-16
2.89333e+10 1.54713e-15 1.54713e-15 2.00006e-15 2.00006e-15 1.54718e-15 1.54718e-15 1.75644e-16 1.75644e-16
2.94e+10 1.5596e-15 1.5596e-15 2.01402e-15 2.01402e-15 1.55965e-15 1.55965e-15 1.69705e-16 1.69705e-16
2.98667e+10 1.56867e-15 1.56867e-15 2.02465e-15 2.02465e-15 1.56872e-15 1.56872e-15 1.64066e-16 1.64066e-16
3.03333e+10 1.57498e-15 1.57498e-15 2.0327e-15 2.0327e-15 1.57503e-15 1.57503e-15 1.58792e-16 1.58792e-16
3.08e+10 1.57912e-15 1.57912e-15 2.0388e-15 2.0388e-15 1.57917e-15 1.57917e-15 1.53931e-16 1.53931e-16
3.12667e+10 1.58161e-15 1.58161e-15 2.04344e-15 2.04344e-15 1.58166e-15 1.58166e-15 1.49518e-16 1.49518e-16
3.17333e+10 1.5829e-15 1.5829e-15 2.047e-15 2.047e-15 1.58295e-15 1.58295e-15 1.45579e-16 1.45579e-16
3.22e+10 1.58337e-15 1.58337e-15 2.04974e-15 2.04974e-15 1.58342e-15 1.58342e-15 1.42134e-16 1.42134e-16
3.26667e+10 1.58331e-15 1.58331e-15 2.05187e-15 2.05187e-15 1.58336e-15 1.58336e-15 1.39197e-16 1.39197e-16
3.31333e+10 1.58297e-15 1.58297e-15 2.0535e-15 2.0535e-15 1.58302e-15 1.58302e-15 1.36779e-16 1.36779e-16
3.36e+10 1.58253e-15 1.58253e-15 2.05471e-15 2.05471e-15 1.58258e-15 1.58258e-15 1.3489e-16 1.3489e-16
3.40667e+10 1.58212e-15 1.58212e-15 2.05555e-15 2.05555e-15 1.58218e-15 1.58218e-15 1.33536e-16 1.33536e-16
3.45333e+10 1.58185e-15 1.58185e-15 2.05605e-15 2.05605e-15 1.5819e-15 1.5819e-15 1.32722e-16 1.32722e-16
3.5e+10 1.58175e-15 1.58175e-15 2.05622e-15 2.05622e-15 1.5818e-15 1.5818e-15 1.3245e-16 1.3245e-16
3.54667e+10 1.58185e-15 1.58185e-15 2.05605e-15 2.05605e-15 1.5819e-15 1.5819e-15 1.32722e-16 1.32722e-16
3.59333e+10 1.58212e-15 1.58212e-15 2.05555e-15 2.05555e-15 1.58218e-15 1.58218e-15 1.33536e-16 1.33536e-16
3.64e+10 1.58253e-15 1.58253e-15 2.05471e-15 2.05471e-15 1.58258e-15 1.58258e-15 1.3489e-16 1.3489e-16
3.68667e+10 1.58297e-15 1.58297e-15 2.0535e-15 2.0535e-15 1.58302e-15 1.58302e-15 1.36779e-16 1.36779e-16
3.73333e+10 1.58331e-15 1.58331e-15 2.05187e-15 2.05187e-15 1.58336e-15 1.58336e-15 1.39197e-16 1.39197e-16
3.78e+10 1.58336e-15 1.58336e-15 2.04974e-15 2.04974e-15 1.58342e-15 1.58342e-15 1.42134e-16 1.42134e-16
3.82667e+10 1.5829e-15 1.5829e-15 2.047e-15 2.047e-15 1.58295e-15 1.58295e-15 1.4558e-16 1.4558e-16
3.87333e+10 1.58161e-15 1.58161e-15 2.04344e-15 2.04344e-15 1.58166e-15 1.58166e-15 1.49518e-16 1.49518e-16
3.92e+10 1.57912e-15 1.57912e-15 2.0388e-15 2.0388e-15 1.57917e-15 1.57917e-15 1.53931e-16 1.53931e-16
3.96667e+10 1.57498e-15 1.57498e-15 2.0327e-15 2.0327e-15 1.57503e-15 1.57503e-15 1.58793e-16 1.58793e-16
4.01333e+10 1.56867e-15 1.56867e-15 2.02465e-15 2.02465e-15 1.56872e-15 1.56872e-15 1.64066e-16 1.64066e-16
4.06e+10 1.5596e-15 1.5596e-15 2.01402e-15 2.01402e-15 1.55965e-15 1.55965e-15 1.69705e-16 1.69705e-16
4.10667e+10 1.54713e-15 1.54713e-15 2.00006e-15 2.00006e-15 1.54718e-15 1.54718e-15 1.75644e-16 1.75644e-16
4.15333e+10 1.53059e-15 1.53059e-15 1.98187e-15 1.98187e-15 1.53064e-15 1.53064e-15 1.81797e-16 1.81797e-16
4.2e+10 1.50932e-15 1.50932e-15 1.95845e-15 1.95845e-15 1.50937e-15 1.50937e-15 1.88052e-16 1.88052e-16
4.24667e+10 1.48274e-15 1.48274e-15 1.92875e-15 1.92875e-15 1.48279e-15 1.48279e-15 1.94267e-16 1.94267e-16
4.29333e+10 1.45036e-15 1.45036e-15 1.89174e-15 1.89174e-15 1.45041e-15 1.45041e-15 2.00272e-16 2.00272e-16
4.34e+10 1.41194e-15 1.41194e-15 1.84647e-15 1.84647e-15 1.41199e-15 1.41199e-15 2.05866e-16 2.05866e-16
4.38667e+10 1.36746e-15 1.36746e-15 1.79221e-15 1.79221e-15 1.36751e-15 1.36751e-15 2.10827e-16 2.10827e-16
4.43333e+10 1.31724e-15 1.31724e-15 1.72854e-15 1.72854e-15 1.31728e-15 1.31728e-15 2.14922e-16 2.14922e-16
4.48e+10 1.26191e-15 1.26191e-15 1.65548e-15 1.65548e-15 1.26195e-15 1.26195e-15 2.17927e-16 2.17927e-16
4.52667e+10 1.20242e-15 1.20242e-15 1.57361e-15 1.57361e-15 1.20246e-15 1.20246e-15 2.19649e-16 2.19649e-16
4.57333e+10 1.13998e-15 1.13998e-15 1.48417e-15 1.48417e-15 1.14002e-15 1.14002e-15 2.1996e-16 2.1996e-16
4.62e+10 1.07592e-15 1.07592e-15 1.38911e-15 1.38911e-15 1.07596e-15 1.07596e-15 2.18829e-16 2.18829e-16
4.66667e+10 1.01162e-15 1.01162e-15 1.29123e-15 1.29123e-15 1.01165e-15 1.01165e-15 2.16369e-16 2.16369e-16
4.71333e+10 9.48368e-16 9.48368e-16 1.19408e-15 1.19408e-15 9.484e-16 9.484e-16 2.12865e-16 2.12865e-16
4.76e+10 8.87409e-16 8.87409e-16 1.10171e-15 1.10171e-15 8.87438e-16 8.87438e-16 2.08788e-16 2.08788e-16
4.80667e+10 8.29958e-16 8.29958e-16 1.01824e-15 1.01824e-15 8.29986e-16 8.29986e-16 2.04757e-16 2.04757e-16
4.85333e+10 7.77368e-16 7.77368e-16 9.47065e-16 9.47065e-16 7.77394e-16 7.77394e-16 2.01441e-16 2.01441e-16
4.9e+10 7.31269e-16 7.31269e-16 8.9024e-16 8.9024e-16 7.31294e-16 7.31294e-16 1.99429e-16 1.99429e-16
4.94667e+10 6.93578e-16 6.93578e-16 8.48102e-16 8.48102e-16 6.93602e-16 6.93602e-16 1.9912e-16 1.9912e-16
4.99333e+10 6.66178e-16 6.66178e-16 8.19501e-16 8.19501e-16 6.662e-16 6.662e-16 2.00676e-16 2.00676e-16
5.04e+10 6.50115e-16 6.50115e-16 8.022e-16 8.022e-16 6.50137e-16 6.50137e-16 2.04025e-16 2.04025e-16
5.08667e+10 6.44345e-16 6.44345e-16 7.92768e-16 7.92768e-16 6.44367e-16 6.44367e-16 2.08749e-16 2.08749e-16
5.13333e+10 6.44463e-16 6.44463e-16 7.85713e-16 7.85713e-16 6.44485e-16 6.44485e-16 2.13798e-16 2.13798e-16
5.18e+10 6.4234e-16 6.4234e-16 7.72932e-16 7.72932e-16 6.42361e-16 6.42361e-16 2.17255e-16 2.17255e-16
5.22667e+10 6.27634e-16 6.27634e-16 7.45331e-16 7.45331e-16 6.27655e-16 6.27655e-16 2.16654e-16 2.16654e-16
5.27333e+10 5.91432e-16 5.91432e-16 6.96746e-16 6.96746e-16 5.91451e-16 5.91451e-16 2.09995e-16 2.09995e-16
5.32e+10 5.30962e-16 5.30962e-16 6.27497e-16 6.27497e-16 5.30979e-16 5.30979e-16 1.96835e-16 1.96835e-16
5.36667e+10 4.53198e-16 4.53198e-16 5.44798e-16 5.44798e-16 4.53213e-16 4.53213e-16 1.7864e-16 1.7864e-16
5.41333e+10 3.74351e-16 3.74351e-16 4.6058e-16 4.6058e-16 3.74363e-16 3.74363e-16 1.5846e-16 1.5846e-16
5.46e+10 3.12847e-16 3.12847e-16 3.88324e-16 3.88324e-16 3.12858e-16 3.12858e-16 1.40282e-16 1.40282e-16
5.50667e+10 2.78168e-16 2.78168e-16 3.38186e-16 3.38186e-16 2.78177e-16 2.78177e-16 1.27716e-16 1.27716e-16
5.55333e+10 2.64766e-16 2.64766e-16 3.11904e-16 3.11904e-16 2.64775e-16 2.64775e-16 1.22127e-16 1.22127e-16
5.6e+10 2.57489e-16 2.57489e-16 3.0204e-16 3.0204e-16 2.57497e-16 2.57497e-16 1.21666e-16 1.21666e-16
5.64667e+10 2.41352e-16 2.41352e-16 2.92638e-16 2.92638e-16 2.4136e-16 2.4136e-16 1.20896e-16 1.20896e-16
5.69333e+10 2.08635e-16 2.08635e-16 2.61647e-16 2.61647e-16 2.08642e-16 2.08642e-16 1.11448e-16 1.11448e-16
5.74e+10 1.66086e-16 1.66086e-16 2.03751e-16 2.03751e-16 1.66091e-16 1.66091e-16 9.04682e-17 9.04682e-17
5.78667e+10 1.28972e-16 1.28972e-16 1.50977e-16 1.50977e-16 1.28976e-16 1.28976e-16 7.01541e-17 7.01541e-17
5.83333e+10 1.05147e-16 1.05147e-16 1.30221e-16 1.30221e-16 1.0515e-16 1.0515e-16 6.25508e-17 6.25508e-17
5.88e+10 9.62896e-17 9.62896e-17 1.21383e-16 1.21383e-16 9.62927e-17 9.62927e-17 5.99315e-17 5.99315e-17
5.92667e+10 8.51958e-17 8.51958e-17 1.00438e-16 1.00438e-16 8.51985e-17 8.51985e-17 5.11235e-17 5.11235e-17
5.97333e+10 5.8804e-17 5.8804e-17 7.25707e-17 7.25707e-17 5.88059e-17 5.88059e-17 3.82865e-17 3.82865e-17
6.02e+10 4.3743e-17 4.3743e-17 5.33034e-17 5.33034e-17 4.37444e-17 4.37444e-17 2.92003e-17 2.92003e-17
6.06667e+10 3.77377e-17 3.77377e-17 4.48537e-17 4.48537e-17 3.77389e-17 3.77389e-17 2.52355e-17 2.52355e-17
6.11333e+10 2.63455e-17 2.63455e-17 3.20464e-17 3.20464e-17 2.63463e-17 2.63463e-17 1.86134e-17 1.86134e-17
6.16e+10 1.78377e-17 1.78377e-17 2.03882e-17 2.03882e-17 1.78382e-17 1.78382e-17 1.22726e-17 1.22726e-17
6.20667e+10 1.31477e-17 1.31477e-17 1.58417e-17 1.58417e-17 1.31481e-17 1.31481e-17 9.78811e-18 9.78811e-18
6.25333e+10 7.75154e-18 7.75154e-18 9.00654e-18 9.00654e-18 7.75178e-18 7.75178e-18 5.75444e-18 5.75444e-18
